000000000000000000000000000000
000000000000000000000000000000
000000000000000000000000000000
000000000000000000000000000000
000000000000000000000000000000
000000000000000000000000000000
000000000000000000000000000000
000000000000000000000000000000
000000000000000000000000000000
000000000000000000000000000000
000000100011100001110001000100
000000100100010000001001000100
000000100100010000001001000100
000000100100010000001001000100
000000100100010000001001000100
000000000100010001110000111000
000000100100010010000000000100
000000100100010010000000000100
000000100100010010000000000100
000000100100010010000000000100
000000100011100001110000000100
000000000000000000000000000000
000000000000000000000000000000
000000000000000000000000000000
000000000000000000000000000000
000000000000000000000000000000
000000000000000000000000000000
000000000000000000000000000000
000000000000000000000000000000
000000000000000000000000000000
