000000000000000000000000000000
000000000000000000000000000000
000000000000000000000000000000
000000000000000000000000000000
000000000000000000000000000000
000000000000000000000000000000
000000000000000000000000000000
000000000000000000000000000000
000000000000000000000000000000
000000000000000000000000000000
000001000111110011111001000100
000001000100010000001001000100
000001000100010000001001000100
000001000100010000001001000100
000001000100010000001001000100
000001000100010011111001111100
000001000100010010000000000100
000001000100010010000000000100
000001000100010010000000000100
000001000100010010000000000100
000001000111110011111000000100
000000000000000000000000000000
000000000000000000000000000000
000000000000000000000000000000
000000000000000000000000000000
000000000000000000000000000000
000000000000000000000000000000
000000000000000000000000000000
000000000000000000000000000000
000000000000000000000000000000
