000000000000000000000000000000
000000000000000000000000000000
000000000000000000000000000000
000000000000000000000000000000
000000000000000000000000000000
000000000000000000000000000000
000000000000000000000000000000
000000000000000000000000000000
000000000000000000000000000000
000000000000000000000000000000
000000100111110011111001000100
000000100100010000001001000100
000000100100010000001001000100
000000100100010000001001000100
000000100100010000001001000100
000000100100010011111001111100
000000100100010010000000000100
000000100100010010000000000100
000000100100010010000000000100
000000100100010010000000000100
000000100111110011111000000100
000000000000000000000000000000
000000000000000000000000000000
000000000000000000000000000000
000000000000000000000000000000
000000000000000000000000000000
000000000000000000000000000000
000000000000000000000000000000
000000000000000000000000000000
000000000000000000000000000000
