000000000000000000000000000000
000000000000000000000000000000
000000000000000000000000000000
000000000000000000000000000000
000000000000000000000000000000
000000000000000000000000000000
000000000000000000000000000000
000000000000000000000000000000
000000000000000000000000000000
000000100000111111000111111000
000000100000000001000100001000
000000100000000001000100001000
000000100000000001000100001000
000000100000000001000100001000
000000100000000001000100001000
000000100000111111000111111000
000000100000100000000100001000
000000100000100000000100001000
000000100000100000000100001000
000000100000100000000100001000
000000100000100000000100001000
000000100000111111000111111000
000000000000000000000000000000
000000000000000000000000000000
000000000000000000000000000000
000000000000000000000000000000
000000000000000000000000000000
000000000000000000000000000000
000000000000000000000000000000
000000000000000000000000000000
