000000000000000000000000000000
000000000000000000000000000000
000000000000000000000000000000
000000000000000000000000000000
000000000000000000000000000000
000000000000000000000000000000
000000000000000000000000000000
000000000000000000000000000000
000000000000000000000000000000
000000001000011110000011110000
000000001000000001000100001000
000000001000000001000100001000
000000001000000001000100001000
000000001000000001000100001000
000000001000000001000100001000
000000000000011110000011110000
000000001000100000000100001000
000000001000100000000100001000
000000001000100000000100001000
000000001000100000000100001000
000000001000100000000100001000
000000001000011110000011110000
000000000000000000000000000000
000000000000000000000000000000
000000000000000000000000000000
000000000000000000000000000000
000000000000000000000000000000
000000000000000000000000000000
000000000000000000000000000000
000000000000000000000000000000
