000000000000000000000000000000
000000000000000000000000000000
000000000000000000000000000000
000000000000000000000000000000
000000000000000000000000000000
000000000000000000000000000000
000000000000000000000000000000
000000000000000000000000000000
000000000000000000000000000000
000000001000111111000111111000
000000001000000001000100001000
000000001000000001000100001000
000000001000000001000100001000
000000001000000001000100001000
000000001000000001000100001000
000000001000111111000111111000
000000001000100000000100001000
000000001000100000000100001000
000000001000100000000100001000
000000001000100000000100001000
000000001000100000000100001000
000000001000111111000111111000
000000000000000000000000000000
000000000000000000000000000000
000000000000000000000000000000
000000000000000000000000000000
000000000000000000000000000000
000000000000000000000000000000
000000000000000000000000000000
000000000000000000000000000000
