000000000000000000000000000000
000000000000000000000000000000
000000000000000000000000000000
000000000000000000000000000000
000000000000000000000000000000
000000000000110011111111110000
000000000000110011111111110000
000000000000110011000000000000
000000000000110011000000000000
000000000000110011000000000000
000000000000110011000000000000
000000000000110011000000000000
000000000000110011000000000000
000000000000110011000000000000
000000000000110011111111110000
000000000000110011111111110000
000000000000110011000000110000
000000000000110011000000110000
000000000000110011000000110000
000000000000110011000000110000
000000000000110011000000110000
000000000000110011000000110000
000000000000110011000000110000
000000000000110011000000110000
000000000000110011111111110000
000000000000110011111111110000
000000000000000000000000000000
000000000000000000000000000000
000000000000000000000000000000
000000000000000000000000000000
