000000000000000000000000000000
000000000000000000000000000000
000000000000000000000000000000
000000000000000000000000000000
000000000000000000000000000000
000000001100000011111111110000
000000001100000011111111110000
000000001100000011000000000000
000000001100000011000000000000
000000001100000011000000000000
000000001100000011000000000000
000000001100000011000000000000
000000001100000011000000000000
000000001100000011000000000000
000000001100000011111111110000
000000001100000011111111110000
000000001100000011000000110000
000000001100000011000000110000
000000001100000011000000110000
000000001100000011000000110000
000000001100000011000000110000
000000001100000011000000110000
000000001100000011000000110000
000000001100000011000000110000
000000001100000011111111110000
000000001100000011111111110000
000000000000000000000000000000
000000000000000000000000000000
000000000000000000000000000000
000000000000000000000000000000
