000000000000000000000000000000
000000000000000000000000000000
000000000000000000000000000000
000000000000000000000000000000
000000000000000000000000000000
000000000000110000111111110000
000000000000110000111111110000
000000000000110011000000000000
000000000000110011000000000000
000000000000110011000000000000
000000000000110011000000000000
000000000000110011000000000000
000000000000110011000000000000
000000000000110011000000000000
000000000000000000111111000000
000000000000000000111111000000
000000000000110011000000110000
000000000000110011000000110000
000000000000110011000000110000
000000000000110011000000110000
000000000000110011000000110000
000000000000110011000000110000
000000000000110011000000110000
000000000000110011000000110000
000000000000110000111111000000
000000000000110000111111000000
000000000000000000000000000000
000000000000000000000000000000
000000000000000000000000000000
000000000000000000000000000000
