000000000000000000000000000000
000000000000000000000000000000
000000000000000000000000000000
000000000000000000000000000000
000000000000000000000000000000
000000000000000000000000000000
000000000000000000000000000000
000000000000000000000000000000
000000000000000000000000000000
000000000000000000000000000000
001111100111110010001001111100
000000100100010010001001000100
000000100100010010001001000100
000000100100010010001001000100
000000100100010010001001000100
001111100100010011111001111100
001000000100010000001001000100
001000000100010000001001000100
001000000100010000001001000100
001000000100010000001001000100
001111100111110000001001111100
000000000000000000000000000000
000000000000000000000000000000
000000000000000000000000000000
000000000000000000000000000000
000000000000000000000000000000
000000000000000000000000000000
000000000000000000000000000000
000000000000000000000000000000
000000000000000000000000000000
