000000000000000000000000000000
000000000000000000000000000000
000000000000000000000000000000
000000000000000000000000000000
000000000000000000000000000000
000000000000000000000000000000
000000000000000000000000000000
000000000000000000000000000000
000000000000000000000000000000
000000000000000000000000000000
000111000011100010001000111000
000000100100010010001001000100
000000100100010010001001000100
000000100100010010001001000100
000000100100010010001001000100
000111000100010001110000111000
001000000100010000001001000100
001000000100010000001001000100
001000000100010000001001000100
001000000100010000001001000100
000111000011100000001000111000
000000000000000000000000000000
000000000000000000000000000000
000000000000000000000000000000
000000000000000000000000000000
000000000000000000000000000000
000000000000000000000000000000
000000000000000000000000000000
000000000000000000000000000000
000000000000000000000000000000
