000000000000000000000000000000
000000000000000000000000000000
000000000000000000000000000000
000000000000000000000000000000
000000000000000000000000000000
000000000000000000000000000000
000000000000000000000000000000
000000000000000000000000000000
000000000000000000000000000000
000111111000111111000111111000
000000001000100000000100000000
000000001000100000000100000000
000000001000100000000100000000
000000001000100000000100000000
000000001000100000000100000000
000111111000111111000111111000
000100000000000001000100001000
000100000000000001000100001000
000100000000000001000100001000
000100000000000001000100001000
000100000000000001000100001000
000111111000111111000111111000
000000000000000000000000000000
000000000000000000000000000000
000000000000000000000000000000
000000000000000000000000000000
000000000000000000000000000000
000000000000000000000000000000
000000000000000000000000000000
000000000000000000000000000000
