000000000000000000000000000000
000000000000000000000000000000
000000000000000000000000000000
000000000000000000000000000000
000000000000000000000000000000
000000000000000000000000000000
000000000000000000000000000000
000000000000000000000000000000
000000000000000000000000000000
000011110000011110000011110000
000000001000100000000100000000
000000001000100000000100000000
000000001000100000000100000000
000000001000100000000100000000
000000001000100000000100000000
000011110000011110000011110000
000100000000000001000100001000
000100000000000001000100001000
000100000000000001000100001000
000100000000000001000100001000
000100000000000001000100001000
000011110000011110000011110000
000000000000000000000000000000
000000000000000000000000000000
000000000000000000000000000000
000000000000000000000000000000
000000000000000000000000000000
000000000000000000000000000000
000000000000000000000000000000
000000000000000000000000000000
