000000000000000000000000000000
000000000000000000000000000000
000000000000000000000000000000
000000000000000000000000000000
000000000000000000000000000000
000011111111110011111111110000
000011111111110011111111110000
000000000000110000000000110000
000000000000110000000000110000
000000000000110000000000110000
000000000000110000000000110000
000000000000110000000000110000
000000000000110000000000110000
000000000000110000000000110000
000001111111110011111111110000
000001111111110011111111110000
000000000000110011000000000000
000000000000110011000000000000
000000000000110011000000000000
000000000000110011000000000000
000000000000110011000000000000
000000000000110011000000000000
000000000000110011000000000000
000000000000110011000000000000
000011111111110011111111110000
000011111111110011111111110000
000000000000000000000000000000
000000000000000000000000000000
000000000000000000000000000000
000000000000000000000000000000
