000000000000000000000000000000
000000000000000000000000000000
000000000000000000000000000000
000000000000000000000000000000
000000000000000000000000000000
000000111111001000111111000000
000000111111001000111111000000
000000000000110000000000110000
000000000000110000000000110000
000000000000110000000000110000
000000000000110000000000110000
000000000000110000000000110000
000000000000110000000000110000
000000000000110000000000110000
000000111111000000111111000000
000000111111000000111111000000
000000000000110011000000000000
000000000000110011000000000000
000000000000110011000000000000
000000000000110011000000000000
000000000000110011000000000000
000000000000110011000000000000
000000000000110011000000000000
000000000000110011000000000000
000000111111001100111111000000
000000111111001100111111000000
000000000000000000000000000000
000000000000000000000000000000
000000000000000000000000000000
000000000000000000000000000000
