000000000000000000000000000000
000000000000000000000000000000
000000000110000000011000000000
000000000110000000011000000000
000000000110000000011000000000
000000000110000000011000000000
000000000110000000011000000000
000000000110000000011000000000
000000000110000000011000000000
000000000110000000011000000000
000000000110000000011000000000
000000000110000000011000000000
000000000110000000011000000000
000000000110000000011000000000
000000000111111111111000000000
000000000111111111111000000000
000000000000000000011000000000
000000000000000000011000000000
000000000000000000011000000000
000000000000000000011000000000
000000000000000000011000000000
000000000000000000011000000000
000000000000000000011000000000
000000000000000000011000000000
000000000000000000011000000000
000000000000000000011000000000
000000000000000000011000000000
000000000000000000011000000000
000000000000000000000000000000
000000000000000000000000000000
