000000000000000000000000000000
000000000000000000000000000000
000000000110000000011000000000
000000000110000000011000000000
000000000110000000011000000000
000000000110000000011000000000
000000000110000000011000000000
000000000110000000011000000000
000000000110000000011000000000
000000000110000000011000000000
000000000110000000011000000000
000000000110000000011000000000
000000000110000000011000000000
000000000110000000011000000000
000000000001111111100000000000
000000000001111111100000000000
000000000000000000011000000000
000000000000000000011000000000
000000000000000000011000000000
000000000000000000011000000000
000000000000000000011000000000
000000000000000000011000000000
000000000000000000011000000000
000000000000000000011000000000
000000000000000000011000000000
000000000000000000011000000000
000000000000000000011000000000
000000000000000000011000000000
000000000000000000000000000000
000000000000000000000000000000
