000000000000000000000000000000
000000000000000000000000000000
000000000000000000000000000000
000000000000000000000000000000
000000000000000000000000000000
000000000000000000000000000000
000000000000000000000000000000
000000000000000000000000000000
000000000000000000000000000000
000111111000000100000111111000
000100000000000100000000001000
000100000000000100000000001000
000100000000000100000000001000
000100000000000100000000001000
000100000000000100000000001000
000111111000000100000111111000
000000001000000100000100000000
000000001000000100000100000000
000000001000000100000100000000
000000001000000100000100000000
000000001000000100000100000000
000111111000000100000111111000
000000000000000000000000000000
000000000000000000000000000000
000000000000000000000000000000
000000000000000000000000000000
000000000000000000000000000000
000000000000000000000000000000
000000000000000000000000000000
000000000000000000000000000000
