000000000000000000000000000000
000000000000000000000000000000
000000000000000000000000000000
000000000000000000000000000000
000000000000000000000000000000
000000000000000000000000000000
000000000000000000000000000000
000000000000000000000000000000
000000000000000000000000000000
000011110000000001000011110000
000100000000000001000000001000
000100000000000001000000001000
000100000000000001000000001000
000100000000000001000000001000
000100000000000001000000001000
000011110000000000000011110000
000000001000000001000100000000
000000001000000001000100000000
000000001000000001000100000000
000000001000000001000100000000
000000001000000001000100000000
000011110000000001000011110000
000000000000000000000000000000
000000000000000000000000000000
000000000000000000000000000000
000000000000000000000000000000
000000000000000000000000000000
000000000000000000000000000000
000000000000000000000000000000
000000000000000000000000000000
