000000000000000000000000000000
000000000000000000000000000000
000000000000000000000000000000
000000000000000000000000000000
000000000000000000000000000000
000000000000000000000000000000
000000000000000000000000000000
000000000000000000000000000000
000000000000000000000000000000
000111111000000001000111111000
000100000000000001000000001000
000100000000000001000000001000
000100000000000001000000001000
000100000000000001000000001000
000100000000000001000000001000
000111111000000001000111111000
000000001000000001000100000000
000000001000000001000100000000
000000001000000001000100000000
000000001000000001000100000000
000000001000000001000100000000
000111111000000001000111111000
000000000000000000000000000000
000000000000000000000000000000
000000000000000000000000000000
000000000000000000000000000000
000000000000000000000000000000
000000000000000000000000000000
000000000000000000000000000000
000000000000000000000000000000
