000000000000000000000000000000
000000000000000000000000000000
000000000000000000000000000000
000000000000000000000000000000
000000000000000000000000000000
000011111111110011000000110000
000011111111110011000000110000
000011000000000011000000110000
000011000000000011000000110000
000011000000000011000000110000
000011000000000011000000110000
000011000000000011000000110000
000011000000000011000000110000
000011000000000011000000110000
000011111111110011111111110000
000011111111110011111111110000
000011000000110000000000110000
000011000000110000000000110000
000011000000110000000000110000
000011000000110000000000110000
000011000000110000000000110000
000011000000110000000000110000
000011000000110000000000110000
000011000000110000000000110000
000011111111110000000000110000
000011111111110000000000110000
000000000000000000000000000000
000000000000000000000000000000
000000000000000000000000000000
000000000000000000000000000000
