000000000000000000000000000000
000000000000000000000000000000
000000000000000000000000000000
000000000000000000000000000000
000000000000000000000000000000
000000111111000011000000110000
000000111111000011000000110000
000011000000000011000000110000
000011000000000011000000110000
000011000000000011000000110000
000011000000000011000000110000
000011000000000011000000110000
000011000000000011000000110000
000011000000000011000000110000
000000111111000000111111000000
000000111111000000111111000000
000011000000110000000000110000
000011000000110000000000110000
000011000000110000000000110000
000011000000110000000000110000
000011000000110000000000110000
000011000000110000000000110000
000011000000110000000000110000
000011000000110000000000110000
000000111111000000000000110000
000000111111000000000000110000
000000000000000000000000000000
000000000000000000000000000000
000000000000000000000000000000
000000000000000000000000000000
